019.00000000 005.48528137 005.48528137 002.28403745
018.00264779 005.37476604 005.60029061 001.02214929
017.00474097 005.30826548 005.67244033 004.35854207
016.02300650 005.08711579 005.93827226 -01.21895532
015.01798793 005.07935631 005.93521889 -01.32370048
014.01384721 038.06035347 005.91654779 000.03081212
013.01393311 020.34666137 005.96166661 015.79460770
012.15539816 034.89136503 007.00922098 000.40298717
011.15949186 034.66918010 007.23528036 000.01291446
010.15961431 018.24138223 007.43606603 013.82471490
009.34965230 032.28119086 008.88192826 040.00000000
009.41968361 028.39481733 009.15293474 040.00000000
010.22211636 026.33004397 007.76784178 008.91912600
009.73602351 025.55176355 006.89892529 040.00000000
011.94043463 020.47277382 006.32191957 040.00000000
027.38169650 006.83983654 006.29401557 010.54573051
025.60379023 006.49707808 006.04707191 008.10314081
024.11798755 006.42591822 005.82017086 006.99872105
022.77132687 006.40902541 005.62208977 -00.46566672
021.79250084 007.10695131 005.27295584 012.05101430
020.35689055 006.49731313 005.25907080 012.19199932
019.05946860 005.93053700 005.37133275 008.71644869
017.92033137 005.61290766 005.48670799 003.12671730
016.88306515 005.60258976 005.46279933 002.43177542
015.85973717 005.60861585 005.43567491 -04.54317798
014.90867399 006.02214797 005.14777964 005.24242254
013.86402765 005.86394959 022.91086571 -16.90423868
013.10728438 007.18693016 024.72287239 -10.45636649
012.31718645 008.50822193 025.56035376 -05.25607607
011.43458796 009.59199328 025.12241311 -30.16023140
011.43660245 010.92973474 032.69736862 -10.85099414
010.88767626 009.71625072 031.53410858 -20.23457499
010.91571760 008.54163822 030.15993994 -27.57883673
011.81945276 007.64982905 029.16839117 -14.58472395
012.13467705 006.97589642 027.24608565 -39.15593450
016.49690728 006.82515130 006.25896304 005.47801948
014.50419238 006.24368328 009.38240448 -19.87940149
017.61818526 006.06564708 006.95239409 000.59314294
016.46945136 005.61478788 008.21739761 -06.70998928
017.22126392 005.30266080 008.23129141 -10.09619449
019.48704263 005.11103613 007.71980527 -02.14424057
019.30187081 004.79884697 008.17201675 001.08403305
017.90122133 004.42569271 009.01386011 -08.77302564
020.50516914 004.26782133 008.55391942 002.36936779
018.45160606 003.90598720 009.40795730 -12.66432841
019.27696246 003.88434425 008.47568847 -09.58338830
018.06991706 003.89274441 007.93569627 -16.76082497
016.89986965 004.24532699 006.92292377 -07.21474112
015.87553558 004.44568743 006.57028126 -01.57651060
014.87341943 004.48451940 006.50852225 -04.64363773
013.87800603 004.67525185 006.27146916 000.40076180
012.87746806 004.68028954 006.26964892 -04.28165498
011.89006848 004.90512930 006.03432658 009.59075512
010.89544496 004.52165685 006.48393377 015.50059199
