000.00000000 000.00000000 019.00000000 005.48528137 005.48528137 040.00000000
000.00000000 000.76604444 018.73881546 004.12427041 008.12803980 -01.23827647
000.21421250 001.74259244 017.70686681 003.90192785 008.39738969 -11.15857686
000.41751589 002.70239230 016.49993816 003.96619532 007.72854576 -02.15094823
000.56109571 003.69131907 015.46854174 003.85154641 007.78859763 005.36981774
000.69180840 004.67831262 014.55399356 003.53391381 008.47641937 -00.16782539
000.85395727 005.66507458 013.55135023 003.33876797 008.73854103 002.81743840
001.01494848 006.65080565 012.59638788 032.29192448 009.29603433 009.63361807
001.18978246 007.62107776 011.78208806 030.82118021 010.72612257 -40.00000000
001.41846833 008.58008645 011.00427913 029.48890240 012.25454502 005.90040679
001.70281066 009.53328196 010.15173579 028.59902887 010.92138910 032.42275076
001.97168290 010.33343071 010.32217441 026.17704272 009.14471741 040.00000000
002.34153615 011.00427545 011.62314200 024.71808606 008.01942759 040.00000000
002.84653686 011.58029486 014.56440913 007.55152018 007.53857015 001.18821118
003.65139801 012.17339563 013.72187784 010.87863529 006.94935863 000.29012624
004.46050319 012.76103767 012.75853571 014.44544934 006.35689321 001.42420684
005.27035921 013.34713960 011.93027469 017.10995510 005.77526428 001.04682500
006.08515894 013.92659419 011.05102427 019.77029218 005.19618990 001.58143246
006.90329721 014.50095309 010.22526509 020.48678685 004.62569957 001.20326312
007.72681663 015.06785237 009.35138202 019.67921383 004.05851767 000.12801213
008.55446449 015.62909566 008.36386803 018.83960416 003.48797176 000.00413747
009.38253216 016.18972381 007.36423652 017.99641781 002.91706932 000.00003899
010.21061333 016.75033203 006.36423966 017.15311736 002.34615733 000.00000011
011.03869463 017.31094006 005.36423967 016.30981585 001.77524527 000.00000000
011.86677593 017.87154810 004.36423967 015.46651435 001.20433322 000.00000000
012.69485722 018.43215613 003.36423967 014.62321284 000.63342116 000.00000000
013.52293852 018.99276416 002.36423967 013.77991134 000.06250910 000.00000000
